image_width: 1024
image_height: 768
camera_name: camera_left
camera_matrix:
  rows: 3
  cols: 3
  data: [1136.403643022507, 0, 519.1754188287562, 0, 1130.263380371214, 367.7818904222024, 0, 0, 1]
distortion_model: plumb_bob
distortion_coefficients:
  rows: 1
  cols: 5
  data: [0.1475596875453106, 0.6710381951535942, -0.002333454435502515, -0.008549951285588858, 0]
rectification_matrix:
  rows: 3
  cols: 3
  data: [0.9999712892678098, -0.004593960003364027, -0.006026290033002505, 0.004596489719096606, 0.9999893536676567, 0.000405997049396197, 0.006024360740909613, -0.0004336851731046347, 0.999981759331056]
projection_matrix:
  rows: 3
  cols: 4
  data: [1329.746365902562, 0, 496.2646903991699, 0, 0, 1329.746365902562, 385.2850303649902, 0, 0, 0, 1, 0]
