image_width: 1024
image_height: 768
camera_name: camera_right
camera_matrix:
  rows: 3
  cols: 3
  data: [1131.721949643406, 0, 517.0913012852066, 0, 1125.889480609642, 405.552932078743, 0, 0, 1]
distortion_model: plumb_bob
distortion_coefficients:
  rows: 1
  cols: 5
  data: [0.1209757884257186, 0.8726834184288959, -0.001222216655757074, 0.003922198983478608, 0]
rectification_matrix:
  rows: 3
  cols: 3
  data: [0.9993542859449196, -0.007687060444850531, 0.0350987217037502, 0.007701798138615725, 0.999970300182744, -0.0002847066292752627, -0.0350954907210614, 0.0005548460596888972, 0.9993838094930787]
projection_matrix:
  rows: 3
  cols: 4
  data: [1329.746365902562, 0, 496.2646903991699, -122.4541717405304, 0, 1329.746365902562, 385.2850303649902, 0, 0, 0, 1, 0]
